cutadapt -m 10 -a AGATCGGAAGAGCACACGTCTGAACTCCAGTCA -A AGATCGGAAGAGCGTCGTGTAGGGAAAGAGTGT --discard-untrimmed -o break_out1_new.fastq -p break_out2_new.fastq S
RR3182242_1.fastq SRR3182242_2.fastq > catadapt-output_new.txt
[ 8=---------] 00:18:07    49,074,388 reads  @     22.2 µs/read;   2.71 M reads/minute^@

This is cutadapt 2.8 with Python 3.8.2
Command line parameters: -m 10 -a AGATCGGAAGAGCACACGTCTGAACTCCAGTCA -A AGATCGGAAGAGCGTCGTGTAGGGAAAGAGTGT --discard-untrimmed -o break_out1_new.fastq -p break_out2_new.fastq SRR3182242_1.fastq SRR3182242_2.fastq
Processing reads on 1 core in paired-end mode ...
Finished in 1087.97 s (22 us/read; 2.71 M reads/minute).

=== Summary ===

Total read pairs processed:         49,074,388
  Read 1 with adapter:               2,897,512 (5.9%)
  Read 2 with adapter:               2,790,554 (5.7%)
Pairs that were too short:             106,376 (0.2%)
Pairs written (passing filters):     1,493,127 (3.0%)

Total basepairs processed: 7,361,158,200 bp
  Read 1: 3,680,579,100 bp
  Read 2: 3,680,579,100 bp
Total written (filtered):    121,009,147 bp (1.6%)
  Read 1:    60,488,586 bp
  Read 2:    60,520,561 bp

=== First read: Adapter 1 ===

Sequence: AGATCGGAAGAGCACACGTCTGAACTCCAGTCA; Type: regular 3'; Length: 33; Trimmed: 2897512 times; Reverse-complemented: 0 times

No. of allowed errors:
0-9 bp: 0; 10-19 bp: 1; 20-29 bp: 2; 30-33 bp: 3

Bases preceding removed adapters:
  A: 19.8%
  C: 26.3%
  G: 23.5%
  T: 30.5%
  none/other: 0.0%

Overview of removed sequences
length	count	expect	max.err	error counts
3	1010581	766787.3	0	1010581
4	233382	191696.8	0	233382
5	62623	47924.2	0	62623
6	26866	11981.1	0	26866
7	23160	2995.3	0	23160
8	22622	748.8	0	22622
9	22791	187.2	0	22125 666
10	24253	46.8	1	22248 2005
11	23260	11.7	1	21771 1489
12	23057	2.9	1	21853 1204
13	23049	0.7	1	21817 1232
14	23228	0.2	1	21985 1243
15	23098	0.0	1	21811 1287
16	22844	0.0	1	21314 1530
17	22494	0.0	1	21029 1465
18	22388	0.0	1	20967 1329 92
19	22003	0.0	1	20449 1405 149
20	22288	0.0	2	20222 1514 552
21	22502	0.0	2	20479 1373 650
22	22728	0.0	2	20664 1538 526
23	22565	0.0	2	20536 1431 598
24	22266	0.0	2	20225 1536 505
25	22209	0.0	2	20100 1586 523
26	22770	0.0	2	20383 1781 606
27	22126	0.0	2	19928 1417 728 53
28	21520	0.0	2	19378 1512 551 79
29	21316	0.0	2	19031 1511 571 203
30	21234	0.0	3	18701 1484 521 528
31	21415	0.0	3	18963 1439 550 463
32	21396	0.0	3	18642 1682 590 482
33	21243	0.0	3	18481 1725 530 507
34	21709	0.0	3	19054 1639 535 481
35	22216	0.0	3	19602 1581 530 503
36	22594	0.0	3	19937 1571 594 492
37	22442	0.0	3	19771 1647 557 467
38	21946	0.0	3	19274 1678 493 501
39	21752	0.0	3	19215 1536 507 494
40	21750	0.0	3	19190 1511 553 496
41	21703	0.0	3	19075 1576 545 507
42	22214	0.0	3	19561 1640 542 471
43	23246	0.0	3	20643 1508 569 526
44	24583	0.0	3	21718 1798 577 490
45	25749	0.0	3	22880 1804 572 493
46	26830	0.0	3	23862 1820 611 537
47	28582	0.0	3	25627 1861 598 496
48	30103	0.0	3	26859 2023 667 554
49	29061	0.0	3	25925 1959 628 549
50	28031	0.0	3	24883 1948 627 573
51	28129	0.0	3	24969 1974 628 558
52	28750	0.0	3	25563 1958 636 593
53	30167	0.0	3	27036 1955 643 533
54	32480	0.0	3	29016 2281 608 575
55	35240	0.0	3	31576 2366 698 600
56	37602	0.0	3	33795 2493 704 610
57	40381	0.0	3	36423 2620 724 614
58	40531	0.0	3	36658 2566 708 599
59	37341	0.0	3	33511 2434 742 654
60	32255	0.0	3	28871 2117 671 596
61	26848	0.0	3	23622 1852 722 652
62	20545	0.0	3	17792 1486 601 666
63	23600	0.0	3	13137 8565 1114 784
64	12420	0.0	3	9971 1011 698 740
65	11758	0.0	3	9362 994 682 720
66	10886	0.0	3	8479 971 648 788
67	8943	0.0	3	6588 871 690 794
68	8677	0.0	3	6112 923 722 920
69	7592	0.0	3	5047 874 804 867
70	10287	0.0	3	7095 1153 987 1052
71	11167	0.0	3	7234 1395 1312 1226
72	11840	0.0	3	8266 1317 1107 1150
73	5301	0.0	3	2124 764 1180 1233
74	5864	0.0	3	2185 688 1386 1605
75	25120	0.0	3	12508 4310 3447 4855


=== Second read: Adapter 2 ===

Sequence: AGATCGGAAGAGCGTCGTGTAGGGAAAGAGTGT; Type: regular 3'; Length: 33; Trimmed: 2790554 times; Reverse-complemented: 0 times

No. of allowed errors:
0-9 bp: 0; 10-19 bp: 1; 20-29 bp: 2; 30-33 bp: 3

Bases preceding removed adapters:
  A: 22.1%
  C: 24.9%
  G: 28.7%
  T: 24.3%
  none/other: 0.0%

Overview of removed sequences
length	count	expect	max.err	error counts
3	1008968	766787.3	0	1008968
4	234241	191696.8	0	234241
5	61176	47924.2	0	61176
6	27005	11981.1	0	27005
7	23032	2995.3	0	23032
8	22402	748.8	0	22402
9	22667	187.2	0	21958 709
10	23964	46.8	1	22021 1943
11	23021	11.7	1	21589 1432
12	22774	2.9	1	21578 1196
13	22621	0.7	1	21586 1035
14	22801	0.2	1	21704 1097
15	22554	0.0	1	21315 1239
16	22336	0.0	1	21135 1201
17	22038	0.0	1	20844 1194
18	21877	0.0	1	20653 1178 46
19	21413	0.0	1	20077 1245 91
20	21624	0.0	2	19824 1120 680
21	21824	0.0	2	18951 2390 483
22	21934	0.0	2	19628 1772 534
23	21826	0.0	2	19895 1460 471
24	21453	0.0	2	19529 1468 456
25	21489	0.0	2	19141 1835 513
26	22027	0.0	2	19981 1488 558
27	21340	0.0	2	19247 1582 511
28	20592	0.0	2	18071 1508 588 425
29	20414	0.0	2	18116 1698 550 50
30	20285	0.0	3	17761 1644 529 351
31	20477	0.0	3	17988 1569 575 345
32	20342	0.0	3	17503 1862 628 349
33	20160	0.0	3	17698 1599 575 288
34	20577	0.0	3	18015 1723 538 301
35	21073	0.0	3	18491 1695 544 343
36	21484	0.0	3	18795 1752 602 335
37	21318	0.0	3	18666 1792 544 316
38	20915	0.0	3	18315 1696 564 340
39	20655	0.0	3	18146 1673 517 319
40	20544	0.0	3	17928 1735 538 343
41	20424	0.0	3	17869 1713 535 307
42	21061	0.0	3	18451 1751 537 322
43	21998	0.0	3	19254 1801 601 342
44	23379	0.0	3	20528 1966 551 334
45	24495	0.0	3	21390 2112 642 351
46	25507	0.0	3	22549 1990 611 357
47	27123	0.0	3	23864 2181 699 379
48	28575	0.0	3	25062 2432 649 432
49	27645	0.0	3	24264 2284 720 377
50	26495	0.0	3	23255 2232 640 368
51	26654	0.0	3	23452 2143 666 393
52	27189	0.0	3	23838 2266 701 384
53	28530	0.0	3	24990 2445 713 382
54	30873	0.0	3	27087 2645 761 380
55	33506	0.0	3	29462 2807 810 427
56	35826	0.0	3	31577 2919 870 460
57	38457	0.0	3	34075 3068 869 445
58	38564	0.0	3	34074 3120 905 465
59	35173	0.0	3	31178 2818 761 416
60	30378	0.0	3	26782 2599 645 352
61	25016	0.0	3	22042 2099 588 287
62	18872	0.0	3	16621 1577 466 208
63	13998	0.0	3	12157 1281 369 191
64	10638	0.0	3	9210 990 298 140
65	9976	0.0	3	8555 989 298 134
66	9127	0.0	3	7808 924 250 145
67	7224	0.0	3	6218 681 218 107
68	6676	0.0	3	5876 549 153 98
69	5654	0.0	3	4889 506 178 81
70	7890	0.0	3	6755 767 239 129
71	8151	0.0	3	6922 789 273 167
72	9185	0.0	3	8052 748 255 130
73	2651	0.0	3	2209 273 104 65
74	2646	0.0	3	2263 244 94 45
75	13755	0.0	3	12088 1031 432 204
